P3
7 7 
255

4 4 4          5 5 5                   9 9 9        15 15 15         20 20 20           150 150 150       16 16 16
12 12 12       100 100 100             14 14 14     90 90 90         70 70 70           80 80 80          30 30 30
15 15 15       90  90  90              25 25 25     45 45 45         62 62 62           160 160 160       90 90 90
145 145 145    46 46 46                33 33 33     42 42 42         91 91 91           35 35 35          107 107 107
46 46 46       92 92 92                27 27 27     33 33 33         38 38 38           46 46 46          103 103 103
99 99 99       63 63 63                36 36 36     140 140 104      15 23 46           64 65 66          91 92 93
21 28 36       47 74 128               213 15 68    65 56 45         93 83 73           56 46 13          31 64 89